1419.7543917780338 90.2468197103911
1467.706386566162 92.90374432157836
1536.3048378322435 96.96196636487238
1613.5979469299316 101.79925464959912
1709.903823753025 109.47806383077021
1808.522105955041 118.04351919942877
1917.0706826583198 128.05369695958146
2035.184656723686 139.55307810091796
2154.8769433063007 152.0982558994137
2274.218640584531 165.13143409957604
2392.590876570992 178.98859396336067
2504.2880232437797 192.9781981946539
2608.5510954649553 207.2431931328
2712.920638805887 222.0478084223247
2812.530648422241 236.79521663868235
2906.5919019782027 251.19296648977036
3016.0342940289042 269.5917249279242
3147.854020541647 290.6654023831515
3289.65233248835 313.0643614322951
3435.7392631862476 336.964754414137
3576.2833791484004 361.2903180364302
3707.5004650613537 385.24499770007446
3827.029111099243 406.78609192500863
3943.893801780369 430.16332688097464
4048.3113105276357 450.8248270673185
4137.928649106233 470.6903714038578
4211.738512122113 487.92108436308644
4278.172571928605 504.14000018559585
4338.5822761203935 519.3011249522561
4394.482977477364 534.7918902256098
4442.757819300113 548.570181420448
4480.666284544572 560.7384549858143
4530.925537043033 575.3707479812293
4583.300316935 590.4657525332584
4647.476411371646 607.7544420517887
4717.4694078860075 626.2349472467973
4785.200611678414 644.2143207610983
4856.9094812807825 664.0296749146444
4913.136179268879 680.7522282888019
4949.661113821942 693.8077065875837
4991.609049258025 708.2582955501252
5063.893115798287 728.3933747004229
5148.773728992628 750.0308224958061
5253.468448390131 776.7887456373625
5347.104710189156 800.0752243775663
5410.459466519563 816.18048159432
5472.962820583841 831.5339946320524
5535.700813708098 845.7179843334844
5613.520641028363 861.3676076830825
5693.78786704022 876.1176617646627
5773.999920488441 889.0709253235228
5854.315137879745 901.0584872653892
5919.045873874166 908.0228530999658
5992.143595023777 915.8354411636159
6102.906710948115 930.1350464543267
6237.29100474482 948.9296551669263
6400.231147981726 975.1183593377477
6560.218669327445 1002.0222051727994
6719.25029323412 1030.8316828263842
6848.247552191693 1054.424123908491
6983.195396804809 1082.7682662370319
7106.224753255429 1110.1052765623313
7194.60405545442 1131.2186420537241
7291.75445216635 1155.9177045938804
7382.937635106626 1179.7886837822236
7504.605060046652 1211.0989211467074
7616.417458443019 1240.9336479878168
7707.514700284211 1266.3434490849097
7801.893394470215 1294.6008538576846
7862.2255077196205 1318.3452976870792
7893.033142587413 1337.3266862614516
7913.274927670022 1355.8568126299726
7918.7639333310335 1373.1624272881668
7909.630632317584 1388.886638828038
7893.996684132451 1404.8605934162597
7861.575399199776 1418.0490655669648
7831.2873430998425 1433.563829230647
7803.132597732544 1449.5903936476407
7786.442993562118 1467.9129032627447
7779.182434612771 1487.3917610823269
7765.32050340072 1505.0591457688813
7723.324305890954 1515.6879554747766
7638.349231471186 1514.7060992760462
7521.789956416254 1504.4978702210942
7431.206816913771 1498.7695355227863
7394.7747534710425 1506.141865400319
7421.183358698306 1530.0808440508617
7500.313291383826 1566.7293957806155
7572.014590039461 1602.4460633268714
7645.735903316995 1641.4321960805048
7688.533043289184 1671.2172743047813
7690.085492208729 1691.1840007331753
7666.725771265445 1705.7843829594876
7623.72195968628 1714.7710057568568
7582.654913147636 1723.8459495196566
7540.865445908256 1731.320640239473
7523.40743975432 1744.8134261944654
7503.615395205954 1756.3249711500891
7480.967236095926 1764.8206715592655
7449.43192944734 1768.9027855657905
7432.979452995632 1775.659048620912
7446.759480783214 1792.0539140043732
7453.416383312059 1806.507113241111
7439.79115809565 1816.826870515993
7378.519467395285 1814.7313891683825
7262.206303156977 1798.0501496006286
7119.682852869449 1774.3796409089484
6945.395611986906 1741.3044575457154
6779.294499820212 1708.9786453968086
6653.314398923128 1687.724702583322
6582.165351121322 1685.3718259148775
6553.794323713883 1696.6365318760456
6576.748730916563 1723.5679600739886
6605.400117111206 1753.8236597054315
6635.317877860692 1784.868181060639
6671.141441793027 1816.0736339831465
6656.348329063084 1825.8423704669065
6591.165515800144 1814.8477300906015
6513.907276269664 1794.673734477252
6482.05540529334 1785.3910682174492
6514.570506999804 1792.922173473883
6590.500389745961 1807.8473417187647
6649.392904961627 1812.572604221848
6626.131116999751 1785.7797286127234
6560.947530199134 1739.600415529184
6523.067371534265 1695.7496468616969
6531.220667283432 1660.559158965829
6546.687396289992 1627.7511129725847
6549.874891397228 1591.944475174479
6584.97043035756 1568.6608091656494
6694.787810483186 1571.7773444875425
6871.343825879304 1606.687530863896
7137.955116371487 1690.722832627055
7303.260755223813 1767.676883461314
7367.820649768995 1835.7615862695884
7334.896729013194 1888.1128734520005
7207.488081426206 1915.8611422530328
7028.261539608499 1930.5912051118055
6950.4849945731785 1989.7321290879559
7059.268633485877 2120.869284231864
7266.93794708252 2294.7248209251557
7551.368031526648 2498.3519771344427
7939.146991812665 2745.473968901669
8395.016724694293 3023.23006056892
8942.020957648236 3341.7971764383533
9404.6924881479 3622.717611914408
9822.051266462906 3887.560934655522
10175.790252204562 4109.778636075266
10434.51353525908 4289.648300260414
10597.241762874437 4418.10759823015
10673.861644263889 4500.855013617581
10604.137321737539 4508.870517619172
10335.181441530975 4415.275171734159
9888.541277296647 4230.744938028342
9150.361797631305 3893.8129946060403
8338.085285551651 3511.547775646293
7953.205976768162 3333.2895741001903
8247.673899327154 3502.174693421905
9053.452445220948 3927.352405054523
9729.892328544285 4279.4636688423
10168.891350588592 4506.612742933851
10287.816413796467 4573.270536312568
10248.41754042584 4560.580285474978
10123.369178689045 4504.853633965883
9963.350060603929 4429.968884477815
9793.234295654296 4350.994108915227
9600.396901852151 4258.888391464537
9386.972522088756 4156.494554635591
9224.130954410719 4077.3666970402137
9082.457195713208 4009.9717658340605
8985.581011730692 3965.310668522699
8856.647523150237 3904.7445885088246
8718.850340619294 3838.820015800222
8567.551969130143 3765.5481516201858
8375.212677715135 3674.964153140622
8093.801894892817 3538.69932164813
7679.819268566629 3336.233734436964
7216.4016579171885 3106.0096559528056
6794.964532537046 2897.59856794652
6630.679357213559 2823.7380038765777
6619.287260503354 2834.58851279521
6741.405849572887 2914.0781849864
6871.491558356907 2996.4200302991694
6954.772127980771 3057.322438503757
7118.602472935552 3156.8236631322793
7225.676064333708 3229.2569924856566
7404.9027212557585 3334.2376721860674
7540.541247392737 3418.1664725481896
7716.927376490054 3519.889792775106
7800.532636974169 3572.491304946885
7826.753317376842 3593.7958799220073
7797.065059711622 3582.5821976235
7687.852828083867 3531.1894443070214
7637.923382584945 3508.902643763427
7556.0660652326505 3471.0825375967415
7454.690761665676 3421.819116407377
7586.5531072699505 3498.082412132329
7578.839311931444 3501.627558000249
7556.7479751255205 3493.8573467695323
7475.635047149658 3454.70771814993
7455.506902429332 3449.9967484019317
7415.017154925802 3431.330814817597
7367.788903311024 3413.740066524596
7317.97197189331 3390.951560057936
7179.05484705386 3317.465619303851
7047.187259757001 3251.69703137317
6897.123822353197 3170.405124935031
6670.503023960279 3050.2350854051733
6466.097296905517 2940.8568862650704
6123.965424744979 2753.2187951136825
5727.63702765755 2535.9180895363234
5294.695138914689 2296.073312367904
4850.83502245364 2048.621256215366
4596.31405458865 1905.3144486629326
4468.389102687006 1835.6065112337537
4430.870745915952 1817.712858469769
4327.787906464287 1765.9715430375065
4317.199421725066 1759.366775356027
4126.973705424433 1650.7763633690936
4020.7333428590196 1592.632228669497
3965.216674373461 1566.473233442739
3965.473389318715 1565.6120428417146
3912.513196878848 1543.0248980098988
3672.676713495669 1408.7160380159846
3420.950372861779 1258.5140965870607
3018.4470949919328 1028.765249012098
2532.6634573065717 756.9077019175284
2201.178771292645 559.9814964724977
2061.281705541196 473.7043263300352
2083.746454554019 475.8742172160204
2125.329667580646 500.8386370363008
2108.8127564637557 506.1194617543616
2077.8275733781898 490.3255847783781
2103.3386727208676 498.20233023634285
2139.7817033021347 522.5000366125854
2173.3856037969176 538.4874510515389
2270.9977122597074 584.4194350465633
2320.767614132425 621.8940095412531
2391.619187794561 661.2619439845619
2583.736181458183 754.8237770518833
2691.3454547384513 828.8438679834927
2786.0793222510297 884.6924397604413
2926.996317739072 960.0419618462792
2941.8194765339726 985.4404181299996
2904.370531148496 968.195339481667
2957.05145072937 986.061811976027
2999.43743175009 1011.8418154462762
2991.142416696963 1012.3684134679108
3100.8796419724176 1065.8039321343088
3138.719721951692 1091.193971382833
3087.1727086108663 1070.701445918717